
maxdiff     : 0.178571
meandiff    : 0.0064707

